% -------------------------------------------------------------------
%  Generated by MATLAB on 16-Apr-2026 15:00:19
%  MATLAB version: 24.2.0.2740171 (R2024b) Update 1
% -------------------------------------------------------------------
                                                                                 

battery_C1_LUT = ...
  [1913.6 12447 30609;
   4625.7 18872 32995;
   23306 40764 47535;
   10736 18721 26325;
   18036 33630 48274;
   12251 18360 26839;
   9022.9 23394 30606];

battery_Em_LUT = ...
  [3.4966 3.5057 3.5148;
   3.5519 3.566 3.5653;
   3.6183 3.6337 3.6402;
   3.7066 3.7127 3.7213;
   3.9131 3.9259 3.9376;
   4.0748 4.0777 4.0821;
   4.1923 4.1928 4.193];

battery_N_cells = 20;

battery_Qe_init = 0;

battery_R0_LUT = ...
  [0.0117 0.0085 0.009;
   0.011 0.0085 0.009;
   0.0114 0.0087 0.0092;
   0.0107 0.0082 0.0088;
   0.0107 0.0083 0.0091;
   0.0113 0.0085 0.0089;
   0.0116 0.0085 0.0089];

battery_R1_LUT = ...
  [0.0109 0.0029 0.0013;
   0.0069 0.0024 0.0012;
   0.0047 0.0026 0.0013;
   0.0034 0.0016 0.001;
   0.0033 0.0023 0.0014;
   0.0033 0.0018 0.0011;
   0.0028 0.0017 0.0011];

battery_SOC_LUT = [0; 0.1; 0.25; 0.5; 0.75; 0.9; 1];

battery_T_init = -10;

battery_capacity_LUT = [280.081 276.25 276.392];

battery_cell_cp = 795;

battery_cell_mass = 2.5;

battery_temperature_LUT = [5 20 40];

cabin_CO2_init = 0.0004;

cabin_RH_init = 0.5;

cabin_T_init = -10;

cabin_duct_area = 0.04;

cabin_p_init = 0.101325;

chiller_N_baffles = 3;

chiller_N_tubes = 100;

chiller_area_baffles = 0.016539126449320127;

chiller_area_primary = 0.43982297150257105;

chiller_tube_D = 0.0035;

chiller_tube_L = 0.4;

chiller_tube_Leq = 0.14;

chiller_wall_conductivity = 240;

chiller_wall_thickness = 0.0001;

compressor_displacement = 80;

compressor_speed_max = 3600;

cond_evap_H = 0.39;

cond_evap_L = 1.26;

cond_evap_N_fins = 98280;

cond_evap_N_tube_channels = 12;

cond_evap_N_tubes = 40;

cond_evap_W = 0.015;

cond_evap_air_area_fins = 23.436;

cond_evap_air_area_flow = 0.3906;

cond_evap_air_area_primary = 1.4834999999999998;

cond_evap_fin_spacing = 0.0005;

cond_evap_gap_H = 0.0079487179487179489;

cond_evap_tube_H = 0.002;

cond_evap_tube_Leq = 5.6105882352941183;

cond_evap_tube_area_webs = 2.2176;

cond_evap_wall_conductivity = 240;

cond_evap_wall_thickness = 0.0001;

coolant_T_init = -10;

coolant_channel_D = 0.0092;

coolant_p_init = 0.101325;

coolant_pipe_D = 0.019;

coolant_tank_area = 0.0121;

coolant_tank_volume = 1.25;

coolant_valve_D_ratio_max = 0.95;

coolant_valve_D_ratio_min = 0.001;

coolant_valve_S_max = 0.0053;

coolant_valve_displacement = 0.0063;

evaporator_H = 0.2;

evaporator_L = 0.75;

evaporator_N_fins = 28500;

evaporator_N_tube_channels = 12;

evaporator_N_tubes = 20;

evaporator_W = 0.015;

evaporator_air_area_fins = 7.2;

evaporator_air_area_flow = 0.12;

evaporator_air_area_primary = 0.4323;

evaporator_fin_spacing = 0.0005;

evaporator_gap_H = 0.0084210526315789472;

evaporator_tube_H = 0.002;

evaporator_tube_Leq = 2.9705882352941178;

evaporator_tube_area_webs = 0.66;

evaporator_wall_conductivity = 240;

evaporator_wall_thickness = 0.0001;

expansion_valve_D_ratio_max = 0.9;

hex_N_tubes = 64;

hex_area_primary = 0.070371675440411369;

hex_tube_D = 0.0035;

hex_tube_L = 0.1;

hex_tube_Leq = 0.089600000000000013;

hex_wall_conductivity = 240;

hex_wall_thickness = 0.0001;

inner_cond_H = 0.39;

inner_cond_L = 0.63;

inner_cond_N_fins = 49140;

inner_cond_N_tube_channels = 15;

inner_cond_N_tubes = 40;

inner_cond_W = 0.02;

inner_cond_air_area_fins = 15.624000000000002;

inner_cond_air_area_flow = 0.1953;

inner_cond_air_area_primary = 0.99520000000000008;

inner_cond_fin_spacing = 0.0005;

inner_cond_gap_H = 0.0079487179487179489;

inner_cond_tube_H = 0.002;

inner_cond_tube_Leq = 4.7818181818181822;

inner_cond_tube_area_webs = 1.4112000000000002;

inner_cond_wall_conductivity = 240;

inner_cond_wall_thickness = 0.0001;

pump_displacement = 0.02;

pump_speed_max = 1000;

radiator_H = 0.2;

radiator_L = 0.6;

radiator_N_fins = 7199.9999999999991;

radiator_N_tubes = 25;

radiator_W = 0.015;

radiator_air_area_fins = 1.4625;

radiator_air_area_flow = 0.097499999999999989;

radiator_air_area_primary = 0.43687499999999996;

radiator_fin_spacing = 0.002;

radiator_gap_H = 0.0067708333333333336;

radiator_tube_H = 0.0015;

radiator_tube_Leq = 1.9;

radiator_wall_conductivity = 240;

radiator_wall_thickness = 0.0001;

refrigerant_alpha_init = 0.6;

refrigerant_p_init = 0.2;

refrigerant_pipe_D = 0.01;

refrigerant_valve_D_ratio_max = 0.95;

refrigerant_valve_displacement = 0.005;

